<?xml version="1.0"?>
<opencv_storage>
<retval>3.1265803333887852e+00</retval>
<cameraMatrix type_id="opencv-matrix">
  <rows>3</rows>
  <cols>3</cols>
  <dt>d</dt>
  <data>
    7.6709921776800957e+02 0. 4.9283593787330722e+02 0.
    7.8419504634176371e+02 3.8163026575538834e+02 0. 0. 1.</data></cameraMatrix>
<distCoeffs type_id="opencv-matrix">
  <rows>1</rows>
  <cols>5</cols>
  <dt>d</dt>
  <data>
    1.8180364791698669e-01 1.1692475313297928e+00
    -3.7010756438258061e-02 -1.4747287549936457e-03
    -6.9069108921783027e+00</data></distCoeffs>
<rvecs type_id="opencv-matrix">
  <rows>6</rows>
  <cols>3</cols>
  <dt>d</dt>
  <data>
    1.9327233315968091e+00 1.7975331104256074e+00
    -6.5080985404469593e-01 -1.8103209731853989e+00
    -2.1595410304844163e+00 9.2527873895388069e-01
    1.8166865046735738e+00 1.3306230005839841e+00 3.5580750381940321e-03
    1.8106019077696742e+00 1.3748004904622126e+00 4.4009833534871343e-03
    1.7753487370824423e+00 1.8036159517475125e+00
    -6.2038794607789449e-01 1.7762886752891207e+00
    -2.1691057608300293e+00 6.8802953187500560e-01</data></rvecs>
<rvecs type_id="opencv-matrix">
  <rows>6</rows>
  <cols>3</cols>
  <dt>d</dt>
  <data>
    -2.0680253232048567e+01 -2.2758154418789736e+01
    7.2796629099883191e+01 -3.5236976677110782e+01
    -2.8944367045022801e+01 9.5053365050645311e+01
    -3.2030357154332563e+01 -1.2633694414159919e+01
    5.3526719857238660e+01 -3.0724882409666332e+01
    -1.4067994943261057e+01 5.4577205765895897e+01
    -3.4769334054570706e+01 -2.0148797667828628e+01
    1.3693092091867669e+02 2.3926445450065447e+01 1.4282466257958371e+01
    7.3436431607867419e+01</data></rvecs>
</opencv_storage>
